2.302602780190207810e+00
2.302471441488336268e+00
2.302362948878617033e+00
2.302119387781219384e+00
2.301945927230791167e+00
2.301483161274370470e+00
2.300251447420050166e+00
2.299300527939184491e+00
2.297229434424159944e+00
2.298500644274782179e+00
2.293182839459100730e+00
2.290718672893026664e+00
2.274454270810224887e+00
2.260056549263619985e+00
2.253533063735618125e+00
2.242398026991152982e+00
2.194908609196218663e+00
2.198355279638083637e+00
2.172730585322143693e+00
2.177509896608585294e+00
2.189431747269022566e+00
2.110538599147152361e+00
2.141278879884007225e+00
2.070647828285226311e+00
2.139167324083956156e+00
2.152844582464092049e+00
2.038356112088324679e+00
2.105460174825293684e+00
2.054029795896894495e+00
2.017478132476681285e+00
2.004768594739884779e+00
2.064420596084335369e+00
2.032045977408332593e+00
2.046068227041993648e+00
2.105408099718027781e+00
2.039247034252031909e+00
1.977044067347480061e+00
2.035758350569742081e+00
1.999390847653822023e+00
1.985875671992212599e+00
1.931446766658733605e+00
1.999298160214120212e+00
1.967646591760138008e+00
1.967416898889237542e+00
2.033147809609437751e+00
1.937328077051977848e+00
1.917969319180816701e+00
2.036085124083450104e+00
1.934908180945878131e+00
1.900120089402304924e+00
2.034974167570100967e+00
1.940379494621648160e+00
2.062684529920558507e+00
1.847433099325586525e+00
1.884611514702349666e+00
1.886887186808423378e+00
1.894893677270763410e+00
1.876753537337349398e+00
1.853306902787592136e+00
1.928247710818688176e+00
1.841560460430387680e+00
1.893086503757648309e+00
1.892083686760680727e+00
1.877801537189166092e+00
1.805714281159318979e+00
1.877318097193207747e+00
1.938434722271939581e+00
1.896295757342179034e+00
1.854414887476154572e+00
1.833779254044967111e+00
1.843948367543092992e+00
1.935797159628986019e+00
1.823843824436779171e+00
1.839244403119236093e+00
1.848440874818646718e+00
1.970381459682031711e+00
1.845266515408935382e+00
1.909950635408462771e+00
1.847982013651195521e+00
1.940516132719896980e+00
1.813841831493298251e+00
1.890338249754360156e+00
1.818520280210432993e+00
1.875190784702925217e+00
1.806083809098559589e+00
1.915487971802521727e+00
1.785217338717729918e+00
1.814792366437758986e+00
1.850170019512879627e+00
1.815961803532744723e+00
1.798962681741006708e+00
1.771182537458623862e+00
1.839959745420946646e+00
1.810238245313787520e+00
1.799994258739029851e+00
1.737261144917051858e+00
1.828624116553329459e+00
1.746822168163474132e+00
1.784238093891773680e+00
1.765989820430376112e+00
1.747862672562586095e+00
1.760647674511242045e+00
1.852476494428142662e+00
1.783928396019875073e+00
1.690039897211487396e+00
1.758557462359535695e+00
1.757356339880430829e+00
1.679386139146002987e+00
1.684517547356813916e+00
1.851521116585790772e+00
1.716515943970389424e+00
1.795357578005070343e+00
1.748754841302940788e+00
1.748921979175027008e+00
1.842576378230665446e+00
1.712595441191093970e+00
1.632038417643957740e+00
1.737937010062304388e+00
1.706821908003235633e+00
1.719575035915618555e+00
1.587095833175884430e+00
1.754538778497330309e+00
1.602749018841431061e+00
1.712815671123996131e+00
1.789478800110720247e+00
1.657269033006371073e+00
1.655818075577873749e+00
1.693397216537620098e+00
1.843214026193345179e+00
1.640467681156222213e+00
1.506829271047271268e+00
1.748212704832805553e+00
1.718744036506534734e+00
1.631807438163521695e+00
1.721730997474417046e+00
1.784575704752066949e+00
1.749255255808286114e+00
1.791956120251648299e+00
1.726788562776492064e+00
1.899740336688789499e+00
1.938735500113083932e+00
1.701364254742208759e+00
1.728311473857504499e+00
1.730786654333152264e+00
1.570674839631478026e+00
1.797380860949441717e+00
1.753443831402620168e+00
1.655832650014657181e+00
1.768064544581162689e+00
1.673878117623466721e+00
1.712331537397117298e+00
1.682559442346035272e+00
1.732144344310930784e+00
1.773117099531930974e+00
1.782590244012662417e+00
1.762209025313595800e+00
1.731211256485503114e+00
1.782095708335217576e+00
1.752978594437858195e+00
1.801937781344473244e+00
1.681257833007877123e+00
1.699402897613959462e+00
1.688194589703447157e+00
1.775224026187352200e+00
1.776594526944005548e+00
1.728569297091159473e+00
1.689482960133113387e+00
1.826556314681770932e+00
1.865779295688541284e+00
1.669473171314389770e+00
1.640507765152360076e+00
1.645115771691401330e+00
1.722093229995696140e+00
1.675600344518364926e+00
1.697541660272872788e+00
1.687558060294201079e+00
1.648506044098050793e+00
1.650964306508763357e+00
1.811717754841537742e+00
1.666577897987851831e+00
1.676208411375926133e+00
1.658534449568297209e+00
1.630977647059483004e+00
1.647001912729390005e+00
1.801491044390840068e+00
1.660740368001179412e+00
1.754579467118366765e+00
1.724906794364126750e+00
1.709320576334089958e+00
1.607310609074637631e+00
1.733222158057463158e+00
1.833217151649892518e+00
1.646004407373208966e+00
1.695229519208407476e+00
1.570360108427600210e+00
1.636743523911648346e+00
1.695266375355438448e+00
1.712851172354770135e+00
1.851588535213697817e+00
1.675719269598002326e+00
1.619359195185153588e+00
1.809566565191545129e+00
1.627718135693832613e+00
1.635214983056218818e+00
1.839661515794896340e+00
1.793238867101407230e+00
1.774791813776209315e+00
1.788912956762673145e+00
1.616181979589689011e+00
1.638151764068147109e+00
1.728358313759646769e+00
1.625707206477184696e+00
1.695669901437330207e+00
1.798680231688307929e+00
1.809695343719588179e+00
1.709470163997013348e+00
1.777053885393194754e+00
1.755808215711762710e+00
1.579708732293643614e+00
1.638594689688783967e+00
1.633617814613510966e+00
1.692465930698378695e+00
1.726692040145419771e+00
1.681130852038415835e+00
1.650974592762697091e+00
1.547635844085349488e+00
1.745574973952274123e+00
1.576151141896988905e+00
1.708393440276698261e+00
1.715666560806599295e+00
1.574754830379787141e+00
1.756198418736528266e+00
1.771480338371025587e+00
1.657589096855215827e+00
1.634335088542784753e+00
1.657136172423282705e+00
1.619538166169395499e+00
1.686787537553338101e+00
1.564789819405070892e+00
1.763160005769006444e+00
1.751017665421723102e+00
1.666115437560052426e+00
1.658304983121233755e+00
1.708215065401158306e+00
1.680772564253614654e+00
1.628468962217351379e+00
1.559625081351802001e+00
1.631097315122733482e+00
1.598277533953663898e+00
1.623717682139535379e+00
1.550909136889569329e+00
1.632563087817557879e+00
1.590722165634265384e+00
1.577958097557281780e+00
1.715058492164285520e+00
1.629880811305683519e+00
1.518457645049169358e+00
1.544285818894525653e+00
1.594459569550874756e+00
1.686743605593198359e+00
1.693844414365622386e+00
1.484958894496733794e+00
1.506699518287578421e+00
1.499097663874390030e+00
1.608446680564622477e+00
1.605133652589270765e+00
1.640526251113796574e+00
1.602940939685203681e+00
1.638491533822019619e+00
1.584837718927625483e+00
1.830550964771861189e+00
1.616169571437907848e+00
1.573058216514813257e+00
1.626821635257441834e+00
1.565890754367248672e+00
1.585090921486990156e+00
1.555722568863183053e+00
1.604206021266625148e+00
1.543209944885171936e+00
1.630189335398878336e+00
1.612628427571337175e+00
1.657312228772254814e+00
1.838784551441979387e+00
1.658698135350173963e+00
1.591749630848234398e+00
1.616315945337378768e+00
1.536469576449857488e+00
1.732918896154411081e+00
1.586906181010321548e+00
1.726683159682249613e+00
1.684083424368122861e+00
1.862598767053041282e+00
1.786790140889041867e+00
1.679285839948993164e+00
1.676564856574857432e+00
1.562133914223831743e+00
1.608469115213925882e+00
1.646525795128343406e+00
1.568095259685439391e+00
1.650410142872982489e+00
1.693306058718744289e+00
1.605496381681967399e+00
1.592908273169189037e+00
1.559557615676695930e+00
1.702404456686066991e+00
1.574254862196700522e+00
1.496069868200863739e+00
1.538001802246141025e+00
1.713327847225588618e+00
1.675274333593009146e+00
1.730418653694749676e+00
1.781663846187576894e+00
1.878155320133757966e+00
1.659246376823398705e+00
1.654032917952279247e+00
1.590355340332941347e+00
1.716908145613415426e+00
1.649267322334780017e+00
1.816311944161367986e+00
1.730269643352582376e+00
1.571022450063552123e+00
1.699928719375361830e+00
1.567120867339963919e+00
1.565658950017310147e+00
1.526150922123684417e+00
1.684485595740194519e+00
1.679403408618383109e+00
1.564009918320232728e+00
1.634256186440681269e+00
1.651115113897395403e+00
1.546262491807210093e+00
1.801336596527370881e+00
1.710644457609345803e+00
1.646015843351051222e+00
1.712635307132022167e+00
1.651225044314943879e+00
1.607056010462707629e+00
1.569018889914274295e+00
1.692388762827246262e+00
1.663666904280710845e+00
1.527943993108781040e+00
1.706910712841581024e+00
1.693928511784309920e+00
1.565373658701523674e+00
1.578396102923058431e+00
1.708581579191518873e+00
1.522070422125565869e+00
1.503188660750130135e+00
1.645577062951893765e+00
1.791366663365853373e+00
1.780399593633531952e+00
1.815621778056909719e+00
1.546878960356364185e+00
1.664816594329636468e+00
1.527005374126805703e+00
1.562470815126957291e+00
1.547436986811173476e+00
1.610914459361916684e+00
1.597821212127455537e+00
1.552965976112224755e+00
1.510400219455179327e+00
1.600683450084676940e+00
1.621962512125050271e+00
1.644639153358693262e+00
1.665738968713569745e+00
1.518091130500301977e+00
1.505496585985536706e+00
1.563444068009208543e+00
1.628216801671197977e+00
1.622581649712836249e+00
1.494774098215073677e+00
1.496758105525813676e+00
1.378787268151454359e+00
1.695774742810936209e+00
1.567518936982798206e+00
1.514125477332064484e+00
1.505304494438156615e+00
1.701236938648681862e+00
1.532824355020355300e+00
1.566511944500477371e+00
1.561644525164888053e+00
1.487978130013618117e+00
1.676137444226769135e+00
1.560075933882673738e+00
1.488366635950205907e+00
1.501490541349819852e+00
1.485010320709672760e+00
1.719995683149743382e+00
1.548120281651426122e+00
1.553637001825440844e+00
1.633280541155057497e+00
1.543909564375754329e+00
1.666092732763644557e+00
1.592426537716925106e+00
1.537828645936959227e+00
1.655172189138568450e+00
1.727956294216230537e+00
1.664422154989889657e+00
1.675109576247271859e+00
1.509695298987051126e+00
1.601712196696865043e+00
1.624756155547412373e+00
1.739243981320359289e+00
1.710914194651748765e+00
1.622704116072868574e+00
1.617758787160751721e+00
1.595921481187583257e+00
1.559325315732090100e+00
1.715315410632981097e+00
1.641824367474596924e+00
1.625153103639948693e+00
1.636417626768275069e+00
1.526161749108444710e+00
1.373243056876034318e+00
1.578948508803315720e+00
1.685151035609102843e+00
1.643624320201173994e+00
1.533564547327139316e+00
1.746167710953825392e+00
1.524581036142252044e+00
1.688165564188383039e+00
1.802655804944409912e+00
1.509617955558706592e+00
1.525287304188906790e+00
1.620567209365968875e+00
1.686946201542675494e+00
1.594493858227554295e+00
1.644165611002940786e+00
1.591550557091518048e+00
1.492072382637827266e+00
1.541230329230935947e+00
1.660945173059324764e+00
1.707807708934846902e+00
1.698113204670426812e+00
1.650587159087667732e+00
1.606233705822227797e+00
1.654588924337448752e+00
1.537729302190874225e+00
1.571552662790039134e+00
1.606374164629204460e+00
1.658724535419739077e+00
1.497496833550462814e+00
1.606262953667105142e+00
1.721366819300687245e+00
1.564607427477983759e+00
1.575237937384408093e+00
1.579043212874908120e+00
1.394679033620147113e+00
1.528082421868865559e+00
1.711013140682429601e+00
1.674532764085321812e+00
1.691666232222269750e+00
1.605438624456659191e+00
1.629296221390589272e+00
1.665601382457561508e+00
1.784785062589168358e+00
1.527187711207451448e+00
1.587340025327135029e+00
1.560804965462163629e+00
1.562398828704712583e+00
1.719601641733462971e+00
1.516933629402282602e+00
1.676976753802850828e+00
1.524657462546734399e+00
1.640305189823436871e+00
1.561786953062574534e+00
1.679324968637172288e+00
1.642618337887493229e+00
1.698432552812740193e+00
1.638623316619255865e+00
1.505034633561626256e+00
1.656536376109446262e+00
1.540077118272770162e+00
1.612842575732189809e+00
1.530490963030130658e+00
1.697531851345982279e+00
1.507653100545443881e+00
1.559520697324399574e+00
1.690412004750048158e+00
1.514350642715963424e+00
1.560277225146374791e+00
1.586178154779433136e+00
1.572815245858186772e+00
1.541544022481287524e+00
1.550279681409430399e+00
1.657608645382559365e+00
1.518518433036312842e+00
1.574770543679321122e+00
1.572974081475884134e+00
1.449899160617470040e+00
1.530999953416930515e+00
1.509585470382104333e+00
1.440903680307906054e+00
1.502972595878166562e+00
1.469326383999401742e+00
1.587054664926571768e+00
1.519854254856526810e+00
1.565696556476147805e+00
1.505289252580541248e+00
1.490275071851723032e+00
1.497404941558226232e+00
1.534560079115310005e+00
1.454162502523562939e+00
1.517923944948461834e+00
1.649189681988050271e+00
1.587591907820315340e+00
1.502214097200835541e+00
1.483755062393435020e+00
1.597689425491348070e+00
1.514581665763953700e+00
1.552847867641234059e+00
1.296224517269946030e+00
1.484215294173919286e+00
1.432794499210741312e+00
1.535637194453971510e+00
1.684643550055305639e+00
1.427463986399588380e+00
1.503774533231254429e+00
1.453894330599263096e+00
1.449456983932965182e+00
1.612115588502327057e+00
1.505911160648774727e+00
1.490395590710210216e+00
1.599102866998327599e+00
1.678204468849202380e+00
1.422849386127431837e+00
1.562652741878648666e+00
1.611278041601719835e+00
1.574255948328025401e+00
1.488307326982786671e+00
1.581593340171218109e+00
1.463546367442935425e+00
1.365213310597271468e+00
1.483203728686379286e+00
1.416321194760649327e+00
1.391019469393112606e+00
1.690164145615685509e+00
1.489936370488236905e+00
1.431994569973001674e+00
1.563242860410425594e+00
1.543654195899915926e+00
1.678350017922605186e+00
1.471786242084345497e+00
1.590530389042615456e+00
1.511857465133573664e+00
1.534517249720240173e+00
1.447151069422184300e+00
1.469632102591412748e+00
1.643758130118525562e+00
1.428473962786249496e+00
1.536502490099323381e+00
1.526021830570201132e+00
1.607030491676022077e+00
1.636300818233167975e+00
1.506256455661409088e+00
1.598045110004592040e+00
1.593779739120235961e+00
1.566008848546160293e+00
1.923767264358907658e+00
1.852712337406375642e+00
1.687959457827598708e+00
1.596446970646070440e+00
1.543674381326776590e+00
1.511369097683128659e+00
1.453965487296043246e+00
1.623514099691477863e+00
1.434917097296765309e+00
1.501317972096039677e+00
1.692248032702029059e+00
1.446316763912411707e+00
1.561534501285396503e+00
1.542121817340862622e+00
1.741249155300051310e+00
1.488486663050706982e+00
1.471849994277207641e+00
1.532870663257997368e+00
1.422239633506839018e+00
1.482137248029275822e+00
1.591226148709737886e+00
1.525135771067471557e+00
1.531436597461446114e+00
1.671413672782067650e+00
1.537887747801058191e+00
1.559831073833548132e+00
1.520312399910065393e+00
1.511625561765681081e+00
1.639198879061577907e+00
1.538511926366171068e+00
1.588496373604244560e+00
1.631675703183277593e+00
1.758503335177270532e+00
1.546973031750736638e+00
1.321888603354615332e+00
1.637076534813275641e+00
1.498211705978341746e+00
1.474232466097215699e+00
1.438590415551855406e+00
1.470260887084971380e+00
1.531830295455348434e+00
1.426723898654071343e+00
1.564227240837631205e+00
1.558466594194699795e+00
1.626092633433291690e+00
1.421998949067848406e+00
1.401055114124306389e+00
1.522343366904296946e+00
1.558899844573188309e+00
1.534867956783145360e+00
1.352053802896473700e+00
1.610535707202461975e+00
1.445494181254669330e+00
1.578284671590769239e+00
1.481754676402887272e+00
1.512743450785975385e+00
1.694756771606438450e+00
1.565686042836585745e+00
1.497583170915658179e+00
1.486413511240460839e+00
1.409996021383949749e+00
1.564999274219615044e+00
1.451959035689350808e+00
1.584099215461848287e+00
1.435170902718022834e+00
1.458563755627164893e+00
1.500888314834685433e+00
1.394908308501795480e+00
1.441679309602827974e+00
1.640024835045132301e+00
1.561559329252173667e+00
1.424640805168900126e+00
1.557084275643975335e+00
1.502258097193936770e+00
1.531465430924865201e+00
1.628722707124208746e+00
1.449888400392872256e+00
1.495890425029373638e+00
1.486534029659389411e+00
1.496188242335451335e+00
1.612820701444243277e+00
1.509945537185255482e+00
1.507463633884104093e+00
1.574950857604499710e+00
1.551184659255613996e+00
1.653878557258462889e+00
1.576223426389177895e+00
1.447888426622693014e+00
1.519803769512467984e+00
1.520852014950123676e+00
1.634151032262266101e+00
1.511908200918077538e+00
1.477426687775728276e+00
1.540026521315545072e+00
1.589721718742459933e+00
1.651264458378460809e+00
1.508642133087529036e+00
1.444019369690183296e+00
1.380642985786070920e+00
1.569407974737585310e+00
1.560934337037378938e+00
1.437551603054712634e+00
1.494476431776044389e+00
1.576458927476554139e+00
1.442512729788351544e+00
1.490182633550862112e+00
1.688010194166507771e+00
1.363114626389116735e+00
1.457609925339023116e+00
1.542102830454500584e+00
1.490762631130659877e+00
1.525928079903489998e+00
1.604226694288346744e+00
1.686850935092118142e+00
1.750599038297656618e+00
2.055109912881369905e+00
1.712342770039903206e+00
1.539086544867172668e+00
1.574348745179916520e+00
1.469352380564582505e+00
1.626106234844258980e+00
1.482651567681189775e+00
1.568062348573525888e+00
1.551108538511575041e+00
1.450841665839399441e+00
1.501318479971003761e+00
1.534620845632072239e+00
1.615710889035036679e+00
1.475524439467034155e+00
1.554931181870265577e+00
1.509440542221885284e+00
1.588729238431395130e+00
1.640028560567720284e+00
1.605876490723287642e+00
1.542451667814365157e+00
1.546092522995201168e+00
1.566727652130317727e+00
1.620126548031910030e+00
1.393192832206209486e+00
1.574980915100667511e+00
1.538850586303937007e+00
1.433790579177404156e+00
1.487343310050995404e+00
1.657876046011055093e+00
1.596103696022209695e+00
1.579500690378666583e+00
1.452943029569852884e+00
1.577368632861510411e+00
1.406956190443480859e+00
1.546712558211861488e+00
1.558511778947594184e+00
1.523560468881020480e+00
1.648335405921542929e+00
1.612919017359532248e+00
1.587235670064280235e+00
1.602028193224294128e+00
1.601125660688980545e+00
1.455205637750519809e+00
1.427697048830038895e+00
1.396108588349347812e+00
1.411325324951951288e+00
1.500825736197168192e+00
1.528111838887151741e+00
1.591113766291875287e+00
1.404367654015916012e+00
1.288859548266118038e+00
1.605548569449966267e+00
1.549149847693753967e+00
1.594552896726187941e+00
1.526735462413390199e+00
1.458000957049701451e+00
1.436769576850948082e+00
1.569899417389968965e+00
1.680862770167499853e+00
1.595548158433676811e+00
1.565070200435964898e+00
1.630757841014734533e+00
1.624112832344367208e+00
1.552747028722168743e+00
1.662289741807939203e+00
1.509243749035903193e+00
1.361824773307125147e+00
1.387805952056834879e+00
1.336473465103842351e+00
1.482286097318797458e+00
1.531301668595102417e+00
1.462939335966966903e+00
1.606637753232524224e+00
1.838326448560923199e+00
1.564015136215743951e+00
1.708721429270340098e+00
1.635300516496093426e+00
1.449516484796313343e+00
1.530221185462657951e+00
1.500091838886224771e+00
1.387605459922159445e+00
1.337074318617255342e+00
1.497912975768904253e+00
1.507546492896690404e+00
1.535883041878839173e+00
1.317353216796140813e+00
1.338823117136893170e+00
1.393254737006651034e+00
1.482854907678080369e+00
1.641095427539191354e+00
1.391752714167025395e+00
1.503616220282212312e+00
1.591247068883527627e+00
1.464870966542329622e+00
1.423780865353302616e+00
1.507536853923342912e+00
1.440642908913658760e+00
1.520703247165670291e+00
1.466590408579847349e+00
1.565874856395059744e+00
1.410155013288098225e+00
1.485950267060635488e+00
1.387603965887112212e+00
1.435991193306513702e+00
1.647098613881410101e+00
1.483690958453819819e+00
1.436289716409621109e+00
1.515346977358920988e+00
1.502651929872016234e+00
1.497864628397444386e+00
1.426519998171148940e+00
1.649965697608287263e+00
1.469216280091267812e+00
1.487345044151618945e+00
1.367256566542689233e+00
1.447209663913218369e+00
1.353162971687768223e+00
1.368331656624650394e+00
1.586954719855113494e+00
1.612222973157700467e+00
1.558030725732150179e+00
1.466301617054653006e+00
1.503890058486197834e+00
1.417053765222608286e+00
1.447755301353029100e+00
1.597475859342714744e+00
1.375098863387247627e+00
1.499649800932319810e+00
1.410679186545313435e+00
1.422776621752489534e+00
1.556978081806668079e+00
1.426436807149117358e+00
1.436542928767310601e+00
1.624709879438100968e+00
1.535187668511757586e+00
1.346324952236897188e+00
1.507751364341660238e+00
1.485342728110477406e+00
1.455636942198568207e+00
1.474860524251636162e+00
1.559602617254325807e+00
1.605999024694999111e+00
1.546169778559255192e+00
1.633964055468307697e+00
1.428034134839075486e+00
1.441636399307601790e+00
1.514278523699567724e+00
1.433662857881432773e+00
1.489552898612057863e+00
1.449732056175757844e+00
1.630978057786545588e+00
1.462714732512638394e+00
1.462678435478921513e+00
1.527570366743929542e+00
1.432338050888942060e+00
1.432484030928471208e+00
1.688087372666424502e+00
1.480667766850681355e+00
1.464802248498684012e+00
1.497153962200241661e+00
1.513659156296690567e+00
1.467833505143508743e+00
1.456735477261918543e+00
1.592357025623839517e+00
1.767009890660154348e+00
1.635821530339117924e+00
1.532711946393409352e+00
1.580985367501234640e+00
1.500722632791859690e+00
1.549483913690552273e+00
1.478570125888504005e+00
1.565811846538415431e+00
1.441590451925135241e+00
1.367000371922498791e+00
1.459085620075648571e+00
1.669476288826224675e+00
1.572805515340362392e+00
1.512308600606916631e+00
1.373010119707207544e+00
1.573397836538848127e+00
1.515197250379181959e+00
1.309860994785282173e+00
1.527595134416419809e+00
1.536465101432930913e+00
1.459539978242151870e+00
1.367812540027913970e+00
1.482339543580510455e+00
1.462951535034301864e+00
1.295463177658358500e+00
1.420637556365324405e+00
1.429342190563898773e+00
1.503278266636894012e+00
1.592178617829526965e+00
1.334240335553742440e+00
1.524937710831012483e+00
1.521740860916196647e+00
1.451236779128801668e+00
1.598566940228543620e+00
1.628807439757194109e+00
1.581824605734882150e+00
1.439087776248740624e+00
1.370834301272714661e+00
1.578247627857587654e+00
1.398603675679662039e+00
1.408231023789056735e+00
1.388165971088870076e+00
1.383047477963900818e+00
1.561318247783407331e+00
1.575597595318992905e+00
1.405397581483540881e+00
1.529803777329623138e+00
1.395895700918757809e+00
1.497760543305511005e+00
1.661143105352859362e+00
1.461393320357268433e+00
1.545723904735010201e+00
1.495765266737116406e+00
1.456992655463358766e+00
1.557555502044704054e+00
1.593810809470371126e+00
1.593108522045302511e+00
1.405675860393821308e+00
1.641846603923732495e+00
1.739852187157920227e+00
1.819760052788403470e+00
1.489895276856372019e+00
1.514372944555976597e+00
1.444519327493378080e+00
1.332324758003130105e+00
1.503849012530288354e+00
1.487417839522285012e+00
1.360869598257025359e+00
1.347641344337113578e+00
1.558902981939148669e+00
1.598024298194306914e+00
1.632200362774165914e+00
1.583534557905487139e+00
1.565330949872347999e+00
1.376599140989347880e+00
1.411159096253590040e+00
1.431857516111587625e+00
1.461868546942947100e+00
1.532070371723077251e+00
1.528662000732668336e+00
1.539131765916950556e+00
1.467709204328672579e+00
1.324676997249195631e+00
1.428185539774291524e+00
1.466038397660481607e+00
1.400671466611645322e+00
1.451533970644260263e+00
1.613962364274176498e+00
1.400042539896306337e+00
1.428473573787260253e+00
1.581254028221252383e+00
1.513752397499107838e+00
1.528276850901512995e+00
1.466412468285610560e+00
1.503246816064539360e+00
1.511011801011404199e+00
1.452710402269076218e+00
1.314453108742688503e+00
1.288222942741493959e+00
1.534903431933906770e+00
1.583819663705776870e+00
1.539704187928873536e+00
1.519515694643547965e+00
1.483841821996120025e+00
1.348183496068655174e+00
1.382600972954322716e+00
1.503719625917997238e+00
1.599066144075094398e+00
1.509307393811669673e+00
1.253909341947897715e+00
1.404959455890745446e+00
1.372209621634215448e+00
1.292379602142071260e+00
1.454231783629356567e+00
1.432305285282933660e+00
1.622904312760911960e+00
1.594645733586011138e+00
1.530348091206034766e+00
1.645187191924370573e+00
1.650619846856504758e+00
1.534074177994205535e+00
1.422642475257920314e+00
1.577782706268235913e+00
1.506134411425430253e+00
1.575308788256874593e+00
1.442847370678408181e+00
1.392612974865567788e+00
1.503042849156058125e+00
1.441309373784528169e+00
1.582722653447074856e+00
1.478087639616064930e+00
1.488999634612330869e+00
1.561351514258901618e+00
1.756932345738000834e+00
1.767819829605663751e+00
1.714680210929253157e+00
1.646807328375985646e+00
1.646404538969831632e+00
1.562891929733560170e+00
1.591694164211775675e+00
1.474116255653005858e+00
1.335011943629676345e+00
1.358536389397415389e+00
1.431406380023541924e+00
1.441495563245839051e+00
1.551014963287114412e+00
1.597863385986926232e+00
1.511084170661102899e+00
1.512249608614327112e+00
1.461226302460405524e+00
1.508260397416730347e+00
1.566559392366271286e+00
1.474553264903208261e+00
1.442748536777243906e+00
1.420193023932068366e+00
1.248493679335252793e+00
1.481966609966834270e+00
1.474723348958559610e+00
1.344764984611861003e+00
1.414491805717546624e+00
1.423568312138272951e+00
1.495005166534428165e+00
1.399954078324064710e+00
1.441285807801555352e+00
1.353600955304094855e+00
1.426491165562876473e+00
1.402588348953205388e+00
1.536768515557251469e+00
1.623993523629965852e+00
1.452053493005607931e+00
1.352898046914410290e+00
1.349772512606027153e+00
1.582516228031178640e+00
1.536551664280732421e+00
1.454305913878229717e+00
1.296728177006457372e+00
1.358601808454091397e+00
1.483130670923333616e+00
1.597686450206636577e+00
1.593764951468432667e+00
1.749146126196368778e+00
1.657879692542817640e+00
1.617536449807716936e+00
1.529105171943516916e+00
1.400233775243147738e+00
1.404636715058367180e+00
1.335098003595886595e+00
1.373505704069461819e+00
1.491888389289796946e+00
1.493626231791595593e+00
1.535887373024801938e+00
1.604321717443544237e+00
1.690200324639977270e+00
1.441852652592117368e+00
1.354591355513755424e+00
1.579076383866733435e+00
1.414844572709232251e+00
1.335925550216740865e+00
1.313517362776853714e+00
1.469764260052098814e+00
1.368168332423537414e+00
1.417310678585496753e+00
1.408458605527787233e+00
1.540592666909558872e+00
1.470660446300361190e+00
1.280234862656355332e+00
1.307787061957628838e+00
1.330795490145229687e+00
1.452437964122441194e+00
1.373432783234594501e+00
1.347568143840654598e+00
1.533968277330064689e+00
1.474173437633073958e+00
1.584688127904558375e+00
1.690896469790575951e+00
1.390175777331648321e+00
1.413451944503916646e+00
1.457302445250339806e+00
1.509848044503704134e+00
1.449975436996765010e+00
1.509379203049016960e+00
1.273048002774708420e+00
1.408052643108136603e+00
1.331628441387565864e+00
1.297304365954527139e+00
1.358529901752607350e+00
1.428283230686786309e+00
1.497231138040045817e+00
1.398607666532016180e+00
1.500831955172469367e+00
1.465857236393850904e+00
1.478568053090093315e+00
1.316109266086004759e+00
1.343348306139844128e+00
1.498278973873512498e+00
1.388408084373234930e+00
1.340880335460845396e+00
1.411097269703081469e+00
1.268279377580461276e+00
1.379239939459628861e+00
1.436171460062354965e+00
1.480750027998531948e+00
1.738849113265222179e+00
1.556269386321654347e+00
1.609391630393048667e+00
1.588198033024420752e+00
1.571735956324790573e+00
1.542013719649540038e+00
1.348612946671697399e+00
1.278608490189087288e+00
1.376740642366265144e+00
1.360386650168899703e+00
1.339912340212866759e+00
1.322573679708307637e+00
1.233797370420861350e+00
1.369831963358427718e+00
1.392396145192391632e+00
1.486810010634806556e+00
1.505953434679714764e+00
1.583830174698764859e+00
1.721336169477465816e+00
1.680274320822429779e+00
1.455005923460736206e+00
1.466847195266059334e+00
1.421182602989379484e+00
1.563407467706233733e+00
1.440014807274274666e+00
1.556901307250039723e+00
1.498586137863941792e+00
1.608556771809884989e+00
1.744716167736517054e+00
1.736591966272307497e+00
1.409108667145509974e+00
1.297078758391573050e+00
1.382964828432814652e+00
1.517679051714614813e+00
1.725722777832901400e+00
1.552901820544074774e+00
1.575667605279369887e+00
1.399088240083259604e+00
1.475247198012796801e+00
1.371199475793357880e+00
1.376393838961235794e+00
1.380495128923927339e+00
1.529604180104505051e+00
1.363280940337848524e+00
1.414362992756623472e+00
1.436095311673153851e+00
1.463398194409190278e+00
1.543933701026264149e+00
1.626199281499450811e+00
1.644200331951402916e+00
1.382510432390370081e+00
1.480667011811193090e+00
1.371739583899114878e+00
1.519113208539484949e+00
1.559139694915536056e+00
1.431176382048858997e+00
1.707718159872378516e+00
1.772062913592337141e+00
1.442064466931456845e+00
1.633893808067260256e+00
2.056504475275868327e+00
1.359522755932722538e+00
1.437409332568914344e+00
1.351033793709474295e+00
1.559418012492066019e+00
1.396287974463549020e+00
1.303585720039186491e+00
1.400605730047015829e+00
1.414666870706745350e+00
1.361105562467089358e+00
1.393090435732426080e+00
1.522951809226865905e+00
1.409294815414631419e+00
1.387440478170264502e+00
1.604895218620541186e+00
1.296941409875599360e+00
1.485653209344665937e+00
1.475154781711579988e+00
1.475415143559985820e+00
1.453858532070589238e+00
1.543200987304488292e+00
1.413630965708483789e+00
1.416714224864461746e+00
1.303148221201044787e+00
1.401615952943393140e+00
1.462625031292947186e+00
1.466771346222143890e+00
1.387460800878443479e+00
1.453228394839328530e+00
1.455718346854884437e+00
1.375570251442215897e+00
1.635573514181742683e+00
1.491002358277567330e+00
1.594608534545488787e+00
1.526742646171898032e+00
1.769826468067037695e+00
1.634498406262859138e+00
1.487196201568771192e+00
1.563554041660728533e+00
1.440692724187106810e+00
1.387003499380467630e+00
1.526491855639531714e+00
1.454841217260921304e+00
1.312257615145991263e+00
1.594606998421536082e+00
1.462595993055334498e+00
1.466562002161403422e+00
1.281403623498438282e+00
1.331426809638124320e+00
1.585709588125964187e+00
1.528942687928933397e+00
1.472648193386334015e+00
1.423609112332091531e+00
1.283255797594124559e+00
1.570264942776696593e+00
1.606283566340918068e+00
1.402486721381369428e+00
1.483305274231138338e+00
1.551024238180653159e+00
1.712522581725772763e+00
1.523590689388888419e+00
1.596706919430429528e+00
1.519250172865547865e+00
1.392860602394154101e+00
1.350675551428486720e+00
1.360576940829332671e+00
1.394381126301082130e+00
1.393999970399550037e+00
1.477186921167437994e+00
1.634487322144227095e+00
1.435401552650224621e+00
1.352721552456050080e+00
1.408503041407743739e+00
1.609263444827930156e+00
1.598417347014029710e+00
1.478544344884419992e+00
1.519466229373852562e+00
1.469096189945946707e+00
1.465551209307130121e+00
1.385305447144661972e+00
1.460138958193810454e+00
1.444565607545823083e+00
1.486866238431921561e+00
1.648532833002698039e+00
1.451254115186347615e+00
1.426776512785227657e+00
1.817109712983627112e+00
1.702132163166860446e+00
1.606341269243039216e+00
1.565976929009856633e+00
1.466190971360622708e+00
1.425897237314739607e+00
1.430483024185898566e+00
1.481812493696508026e+00
1.323033591542615461e+00
1.462915195308195582e+00
1.568499168113348885e+00
1.455268428480344101e+00
1.616380796802516118e+00
1.561377303874027733e+00
1.576652620580815123e+00
1.388005590714652238e+00
1.408200170950838048e+00
1.427151595633768810e+00
1.389096787772308605e+00
1.380296448194454406e+00
1.441122882914879222e+00
1.460705913785564247e+00
1.469680046294734588e+00
1.464611001327171591e+00
1.527176763883340893e+00
1.354997293256050117e+00
1.611499210012432792e+00
1.453394861381468672e+00
1.276758440406007278e+00
1.312809492231518549e+00
1.498188964804411327e+00
1.643110702149835678e+00
1.595631779714801635e+00
1.394805318903622249e+00
1.462725169848515527e+00
1.333487507687655116e+00
1.335159003528044730e+00
1.345033195955001482e+00
1.368111232229057617e+00
1.459936598490968462e+00
1.445128764661773424e+00
1.357651027701182400e+00
1.483691649972380677e+00
1.266235558815583806e+00
1.330938683210547424e+00
1.349835473319690671e+00
1.536917094565415587e+00
1.581980729459545598e+00
1.429395012974438162e+00
1.511112622074362033e+00
1.383802725122583288e+00
1.525337797326804967e+00
1.358404288102326163e+00
1.452011859021100637e+00
1.674197106931199608e+00
1.672685132823587217e+00
1.358167816973061770e+00
1.419518908468941243e+00
1.563639673937066155e+00
1.522961465649095292e+00
1.486530215996505255e+00
1.539544220715270972e+00
1.482354164648804096e+00
1.182746896970013673e+00
1.337151344093555183e+00
1.371681963153359884e+00
1.424164405520633725e+00
1.363363524730728971e+00
1.458089223081390662e+00
1.319768740221764824e+00
1.328695264094024164e+00
1.389381952869463754e+00
1.395314912343861291e+00
1.520614460615074215e+00
1.524649794587642271e+00
1.409206074316878166e+00
1.364744893824807903e+00
1.380424743725214398e+00
1.467530365398005188e+00
1.436285702952143861e+00
1.235857611541539169e+00
1.378519984263081533e+00
1.311009468832406322e+00
1.547502095474374562e+00
1.497474937477949242e+00
1.795554832875537743e+00
1.406065166384310006e+00
1.396679125839481728e+00
1.251690175727324217e+00
1.369400925160270122e+00
1.437429593275097117e+00
1.618373078404553134e+00
1.590749005595581522e+00
1.486102319656706694e+00
1.524442822471242520e+00
1.551089469385477759e+00
1.532556571090823994e+00
1.603700902975663256e+00
1.573099936671721544e+00
1.426951531964572917e+00
1.512660420695391084e+00
1.494007526781423900e+00
1.526802152757621878e+00
1.634202466114774932e+00
1.452162950645690564e+00
1.503745755535915940e+00
1.549078131598133679e+00
1.724417576027860166e+00
1.609734563185607481e+00
1.462928471388786678e+00
1.381601907614771196e+00
1.378422977215029821e+00
1.302433025761302154e+00
1.377236041708223890e+00
1.370028503553952559e+00
1.530163912890045053e+00
1.413594465138162448e+00
1.475770936073379280e+00
1.545560105526995409e+00
1.639179415522634242e+00
1.457169800866439324e+00
1.325089870920315827e+00
1.474970415080631092e+00
1.565851152475381092e+00
1.512277587637245180e+00
1.565500292756689449e+00
1.479844199054646703e+00
1.500767343397803488e+00
1.326987076633555418e+00
1.417013554739990022e+00
1.539541945368578135e+00
1.445951222501788536e+00
1.487455717238242991e+00
1.453192210232836956e+00
1.435854502314633185e+00
1.332395117944193519e+00
1.462463254977263372e+00
1.317095360902170498e+00
1.424362336593208100e+00
1.375113529032459203e+00
1.251566581891906837e+00
1.487622539954716938e+00
1.357502226721149619e+00
1.410879918635056463e+00
1.400479729388260930e+00
1.449057002002402950e+00
1.502303841305012488e+00
1.422791963632171308e+00
1.603260082205127057e+00
1.656664346825899692e+00
1.579276551596764167e+00
1.348776539100438931e+00
1.374616090658519196e+00
1.591355113350379824e+00
1.495297310639688515e+00
1.620476406910608569e+00
1.363646460304722474e+00
1.505169218546991594e+00
1.343728839263962804e+00
1.406781914932395239e+00
1.391268323268816998e+00
1.321217645417007702e+00
1.383160083422803277e+00
1.366574779632796277e+00
1.499989071635482007e+00
1.650163078170584940e+00
1.532622270090523209e+00
1.503928422306961554e+00
1.487756756748054521e+00
1.342932503701231406e+00
1.372467040792406667e+00
1.400611142214893245e+00
1.392764574821847789e+00
1.333929654172884449e+00
1.493116263681447675e+00
1.302917781481367498e+00
1.334474873013788088e+00
1.362472930364118318e+00
1.317812495986112831e+00
1.321204680270923193e+00
1.539730555958098712e+00
1.516732954645970688e+00
1.631016539523652220e+00
1.611169242811089974e+00
1.308820687437715291e+00
1.426036508016559790e+00
1.254579467357102907e+00
1.466788683574123064e+00
1.531281536276804633e+00
1.444136455285814913e+00
1.436273202752891498e+00
1.364041292376854342e+00
1.270032785235796435e+00
1.600413827545142942e+00
1.320589274306138705e+00
1.252030239153890445e+00
1.601596580742189024e+00
1.486257130170484997e+00
1.706707139099370441e+00
1.460793071103399177e+00
1.513627822230961373e+00
1.330608926177641926e+00
1.327543925436354799e+00
1.627850878820635172e+00
1.387146458891635126e+00
1.479042299597345123e+00
1.413750237636244078e+00
1.488312786075589367e+00
1.303559441835192789e+00
1.353371155747412624e+00
1.461476343883515439e+00
1.625043173618751169e+00
1.588758332295971964e+00
1.428104103977118511e+00
1.412871330897318867e+00
1.420024705931121733e+00
1.624781357501295265e+00
1.430380197094352157e+00
1.510646019277243735e+00
1.593200466463578380e+00
1.593349373170857453e+00
1.291179626657613433e+00
1.422622955698256586e+00
1.374623574491863565e+00
1.309998436208176242e+00
1.337908482274128286e+00
1.348077254325784846e+00
1.495111471523320468e+00
1.402980233517949760e+00
1.417694007419174840e+00
1.437744711244527629e+00
1.347641078281160754e+00
1.397065487019814922e+00
1.625332984675768255e+00
1.546811715230768325e+00
1.710215360096956072e+00
1.337003900313891824e+00
1.544797087588229978e+00
1.328255354326935755e+00
1.403731465937921419e+00
1.339039052843825184e+00
1.394524242194701502e+00
1.586984722104830992e+00
1.489259208993140016e+00
1.411071765248113064e+00
1.257634648142204714e+00
1.324994820266404139e+00
1.684340662187926885e+00
1.663561378048552308e+00
1.513681454635982915e+00
1.518829162493989360e+00
1.345780225769396932e+00
1.468889637329687137e+00
1.369101777933106057e+00
1.380820828302792069e+00
1.688709786558662884e+00
1.680783186568540311e+00
1.566359250335084496e+00
1.562887936268155586e+00
1.423786651840976081e+00
1.446446427843447458e+00
1.406602665420945364e+00
1.519956783197312644e+00
1.711456270223275178e+00
1.675648477674199111e+00
1.490605573494900193e+00
1.563947586082185870e+00
1.314667485247660528e+00
1.407202758988482572e+00
1.596772669468548234e+00
1.602818406443678567e+00
1.332410245162197970e+00
1.488876674911615128e+00
1.481069547740944792e+00
1.420216775530673825e+00
1.475968314363046208e+00
